position,scalar_flux
-0.98,0.703431
-0.94,0.87088
-0.9,1.02176
-0.86,1.16133
-0.82,1.29255
-0.78,1.41707
-0.74,1.53576
-0.7,1.64902
-0.66,1.75701
-0.62,1.85971
-0.58,1.95704
-0.54,2.04885
-0.5,2.135
-0.46,2.2153
-0.42,2.28958
-0.38,2.35769
-0.34,2.41945
-0.3,2.47474
-0.26,2.52342
-0.22,2.56536
-0.18,2.60047
-0.14,2.62867
-0.1,2.64987
-0.06,2.66404
-0.02,2.67113
0.02,2.67113
0.06,2.66404
0.1,2.64987
0.14,2.62867
0.18,2.60047
0.22,2.56536
0.26,2.52342
0.3,2.47474
0.34,2.41945
0.38,2.35769
0.42,2.28958
0.46,2.2153
0.5,2.135
0.54,2.04885
0.58,1.95704
0.62,1.85971
0.66,1.75701
0.7,1.64902
0.74,1.53576
0.78,1.41707
0.82,1.29255
0.86,1.16133
0.9,1.02176
0.94,0.87088
0.98,0.703431
